[-3.14159265 -3.07812614 -3.01465962 -2.9511931  -2.88772658 -2.82426006
 -2.76079354 -2.69732703 -2.63386051 -2.57039399 -2.50692747 -2.44346095
 -2.37999443 -2.31652792 -2.2530614  -2.18959488 -2.12612836 -2.06266184
 -1.99919533 -1.93572881 -1.87226229 -1.80879577 -1.74532925 -1.68186273
 -1.61839622 -1.5549297  -1.49146318 -1.42799666 -1.36453014 -1.30106362
 -1.23759711 -1.17413059 -1.11066407 -1.04719755 -0.98373103 -0.92026451
 -0.856798   -0.79333148 -0.72986496 -0.66639844 -0.60293192 -0.53946541
 -0.47599889 -0.41253237 -0.34906585 -0.28559933 -0.22213281 -0.1586663
 -0.09519978 -0.03173326  0.03173326  0.09519978  0.1586663   0.22213281
  0.28559933  0.34906585  0.41253237  0.47599889  0.53946541  0.60293192
  0.66639844  0.72986496  0.79333148  0.856798    0.92026451  0.98373103
  1.04719755  1.11066407  1.17413059  1.23759711  1.30106362  1.36453014
  1.42799666  1.49146318  1.5549297   1.61839622  1.68186273  1.74532925
  1.80879577  1.87226229  1.93572881  1.99919533  2.06266184  2.12612836
  2.18959488  2.2530614   2.31652792  2.37999443  2.44346095  2.50692747
  2.57039399  2.63386051  2.69732703  2.76079354  2.82426006  2.88772658
  2.9511931   3.01465962  3.07812614  3.14159265]


[-1.         -0.99798668 -0.99195481 -0.9819287  -0.9679487  -0.95007112
 -0.92836793 -0.90292654 -0.87384938 -0.84125353 -0.80527026 -0.76604444
 -0.72373404 -0.67850941 -0.63055267 -0.58005691 -0.52722547 -0.47227107
 -0.41541501 -0.35688622 -0.29692038 -0.23575894 -0.17364818 -0.1108382
 -0.04758192  0.01586596  0.07924996  0.14231484  0.20480667  0.26647381
  0.32706796  0.38634513  0.44406661  0.5         0.55392006  0.60560969
  0.65486073  0.70147489  0.74526445  0.78605309  0.82367658  0.85798341
  0.88883545  0.91610846  0.93969262  0.95949297  0.97542979  0.98743889
  0.99547192  0.99949654  0.99949654  0.99547192  0.98743889  0.97542979
  0.95949297  0.93969262  0.91610846  0.88883545  0.85798341  0.82367658
  0.78605309  0.74526445  0.70147489  0.65486073  0.60560969  0.55392006
  0.5         0.44406661  0.38634513  0.32706796  0.26647381  0.20480667
  0.14231484  0.07924996  0.01586596 -0.04758192 -0.1108382  -0.17364818
 -0.23575894 -0.29692038 -0.35688622 -0.41541501 -0.47227107 -0.52722547
 -0.58005691 -0.63055267 -0.67850941 -0.72373404 -0.76604444 -0.80527026
 -0.84125353 -0.87384938 -0.90292654 -0.92836793 -0.95007112 -0.9679487
 -0.9819287  -0.99195481 -0.99798668 -1.        ]